0011000 000111000000000
0111000 000000110001000
0011001 000111000000000
0111001 000000110001000
0011010 000111000000000
0111010 000000110001000
0011011 000111000000000
0111011 000000110001000
0011101 000111000000000
0111101 000000110001000
0011100 000111000000000
0111100 000000110001000
0011110 000111000000000
0111110 000000110001000
0011111 000111000000000
0111111 000000110001000
0010000 000101000000010
0110000 000000110001010
0010001 000101000000010
0110001 000000110001010
0010010 000101000000010
0110010 000000110001010
0010011 000101000000010
0110011 000000110001010
0010101 000101000000010
0110101 000000110001010
0010100 000101000000010
0110100 000000110001010
0010110 000101000000010
0110110 000000110001010
0001000 000000000000011
0101000 000000010000000
0001001 000010010000001
0001010 101000000000010
0101010 000000110000000
0001011 101010000000000
0101011 000000110000000
0001100 011001000000010
0101100 000000110000000
0000110 000000001000000
0100110 000000110000010
